{
 "cells": [
  {
   "cell_type": "code",
   "execution_count": 1,
   "metadata": {},
   "outputs": [],
   "source": [
    "import numpy as np"
   ]
  },
  {
   "cell_type": "code",
   "execution_count": 2,
   "metadata": {},
   "outputs": [
    {
     "data": {
      "text/plain": [
       "array([[ 2000.,    40.,   365.,  3121.,  4241., 13621.],\n",
       "       [ 2000.,    40.,   365.,  3061.,  4171., 15041.],\n",
       "       [ 1000.,    40.,   365.,  2160.,  3280., 15340.],\n",
       "       ...,\n",
       "       [ 2000.,    40.,   365.,  4201.,  5001., 16600.],\n",
       "       [ 1000.,    40.,   365.,  2080.,  3320., 15600.],\n",
       "       [ 2000.,    40.,   365.,  4601.,  4601., 16600.]])"
      ]
     },
     "execution_count": 2,
     "metadata": {},
     "output_type": "execute_result"
    }
   ],
   "source": [
    "lending_co = np.loadtxt(\"Lending-company-numeric.csv\", delimiter = ',')\n",
    "lending_co"
   ]
  },
  {
   "cell_type": "code",
   "execution_count": 3,
   "metadata": {},
   "outputs": [
    {
     "data": {
      "text/plain": [
       "array([[ 2000.,    40.,   365.,  3121.,  4241., 13621.],\n",
       "       [ 2000.,    40.,   365.,  3061.,  4171., 15041.],\n",
       "       [ 1000.,    40.,   365.,  2160.,  3280., 15340.],\n",
       "       [ 2000.,    40.,   365.,  3041.,  4241., 15321.],\n",
       "       [ 2000.,    50.,   365.,  3470.,  4820., 13720.],\n",
       "       [ 2000.,    40.,   365.,  3201.,  4141., 14141.],\n",
       "       [ 2000.,    50.,   365.,  1851.,  3251., 17701.],\n",
       "       [ 2000.,    40.,   365.,  3971.,  4131., 15351.]])"
      ]
     },
     "execution_count": 3,
     "metadata": {},
     "output_type": "execute_result"
    }
   ],
   "source": [
    "lending_co = np.loadtxt(\"Lending-company-numeric.csv\", delimiter = ',')[:8]\n",
    "lending_co"
   ]
  },
  {
   "cell_type": "code",
   "execution_count": 4,
   "metadata": {},
   "outputs": [],
   "source": [
    "np.random.shuffle(lending_co)"
   ]
  },
  {
   "cell_type": "code",
   "execution_count": 5,
   "metadata": {},
   "outputs": [
    {
     "data": {
      "text/plain": [
       "array([[ 1000.,    40.,   365.,  2160.,  3280., 15340.],\n",
       "       [ 2000.,    40.,   365.,  3201.,  4141., 14141.],\n",
       "       [ 2000.,    50.,   365.,  1851.,  3251., 17701.],\n",
       "       [ 2000.,    40.,   365.,  3121.,  4241., 13621.],\n",
       "       [ 2000.,    40.,   365.,  3971.,  4131., 15351.],\n",
       "       [ 2000.,    50.,   365.,  3470.,  4820., 13720.],\n",
       "       [ 2000.,    40.,   365.,  3041.,  4241., 15321.],\n",
       "       [ 2000.,    40.,   365.,  3061.,  4171., 15041.]])"
      ]
     },
     "execution_count": 5,
     "metadata": {},
     "output_type": "execute_result"
    }
   ],
   "source": [
    "lending_co"
   ]
  },
  {
   "cell_type": "code",
   "execution_count": 6,
   "metadata": {},
   "outputs": [
    {
     "data": {
      "text/plain": [
       "array([[ 2000.,    40.,   365.,  3121.,  4241., 13621.],\n",
       "       [ 2000.,    40.,   365.,  3061.,  4171., 15041.],\n",
       "       [ 1000.,    40.,   365.,  2160.,  3280., 15340.],\n",
       "       ...,\n",
       "       [ 2000.,    40.,   365.,  4201.,  5001., 16600.],\n",
       "       [ 1000.,    40.,   365.,  2080.,  3320., 15600.],\n",
       "       [ 2000.,    40.,   365.,  4601.,  4601., 16600.]])"
      ]
     },
     "execution_count": 6,
     "metadata": {},
     "output_type": "execute_result"
    }
   ],
   "source": [
    "lending_co = np.loadtxt(\"Lending-company-numeric.csv\", delimiter = ',')\n",
    "lending_co"
   ]
  },
  {
   "cell_type": "code",
   "execution_count": 7,
   "metadata": {},
   "outputs": [],
   "source": [
    "from numpy.random import shuffle"
   ]
  },
  {
   "cell_type": "code",
   "execution_count": 8,
   "metadata": {},
   "outputs": [],
   "source": [
    "shuffle(lending_co)"
   ]
  },
  {
   "cell_type": "code",
   "execution_count": 9,
   "metadata": {},
   "outputs": [
    {
     "data": {
      "text/plain": [
       "array([[ 2000.,    40.,   365.,  3261.,  4601., 15781.],\n",
       "       [ 1000.,    50.,   365.,  2050.,  3150., 19250.],\n",
       "       [ 2000.,    40.,   365.,  2881.,  4081., 11901.],\n",
       "       ...,\n",
       "       [ 2000.,    40.,   365.,  3401.,  7401., 16600.],\n",
       "       [ 1000.,    40.,   365.,  2280.,  3400., 15600.],\n",
       "       [ 2000.,    50.,   365.,  3750.,  5250., 20250.]])"
      ]
     },
     "execution_count": 9,
     "metadata": {},
     "output_type": "execute_result"
    }
   ],
   "source": [
    "lending_co"
   ]
  },
  {
   "cell_type": "code",
   "execution_count": 10,
   "metadata": {},
   "outputs": [],
   "source": [
    "from numpy.random import Generator as gen\n",
    "from numpy.random import PCG64 as pcg"
   ]
  },
  {
   "cell_type": "code",
   "execution_count": 11,
   "metadata": {},
   "outputs": [
    {
     "data": {
      "text/plain": [
       "array([[ 1000.,    40.,   365., 12500., 12500., 15600.],\n",
       "       [ 2000.,    40.,   365.,  3941.,  3941.,  8201.],\n",
       "       [ 1000.,    40.,   365.,  2160.,  3360., 15600.],\n",
       "       ...,\n",
       "       [ 2000.,    40.,   365.,  2951.,  3951., 12341.],\n",
       "       [ 4000.,    50.,   365.,  7000.,  8500., 22250.],\n",
       "       [ 2000.,    40.,   365.,  3120.,  3960.,  9040.]])"
      ]
     },
     "execution_count": 11,
     "metadata": {},
     "output_type": "execute_result"
    }
   ],
   "source": [
    "array_rg = gen(pcg())\n",
    "array_rg.shuffle(lending_co)\n",
    "lending_co"
   ]
  },
  {
   "cell_type": "code",
   "execution_count": null,
   "metadata": {},
   "outputs": [],
   "source": []
  }
 ],
 "metadata": {
  "kernelspec": {
   "display_name": "Python 3",
   "language": "python",
   "name": "python3"
  },
  "language_info": {
   "codemirror_mode": {
    "name": "ipython",
    "version": 3
   },
   "file_extension": ".py",
   "mimetype": "text/x-python",
   "name": "python",
   "nbconvert_exporter": "python",
   "pygments_lexer": "ipython3",
   "version": "3.8.5"
  }
 },
 "nbformat": 4,
 "nbformat_minor": 4
}
