{
 "cells": [
  {
   "cell_type": "code",
   "execution_count": 1,
   "metadata": {},
   "outputs": [],
   "source": [
    "import numpy as np"
   ]
  },
  {
   "cell_type": "code",
   "execution_count": 2,
   "metadata": {},
   "outputs": [
    {
     "data": {
      "text/plain": [
       "array([[ 2000.,    40.,   365.,  3121.,  4241., 13621.],\n",
       "       [ 2000.,    40.,   365.,  3061.,  4171., 15041.],\n",
       "       [ 1000.,    40.,   365.,  2160.,  3280., 15340.],\n",
       "       ...,\n",
       "       [ 2000.,    40.,   365.,  4201.,  5001., 16600.],\n",
       "       [ 1000.,    40.,   365.,  2080.,  3320., 15600.],\n",
       "       [ 2000.,    40.,   365.,  4601.,  4601., 16600.]])"
      ]
     },
     "execution_count": 2,
     "metadata": {},
     "output_type": "execute_result"
    }
   ],
   "source": [
    "lending_co = np.loadtxt(\"Lending-company-numeric.csv\", delimiter = ',')\n",
    "lending_co"
   ]
  },
  {
   "cell_type": "code",
   "execution_count": 3,
   "metadata": {},
   "outputs": [
    {
     "data": {
      "text/plain": [
       "array([[   40.,   365.,  2000.,  3121.,  4241., 13621.],\n",
       "       [   40.,   365.,  2000.,  3061.,  4171., 15041.],\n",
       "       [   40.,   365.,  1000.,  2160.,  3280., 15340.],\n",
       "       ...,\n",
       "       [   40.,   365.,  2000.,  4201.,  5001., 16600.],\n",
       "       [   40.,   365.,  1000.,  2080.,  3320., 15600.],\n",
       "       [   40.,   365.,  2000.,  4601.,  4601., 16600.]])"
      ]
     },
     "execution_count": 3,
     "metadata": {},
     "output_type": "execute_result"
    }
   ],
   "source": [
    "np.sort(lending_co)"
   ]
  },
  {
   "cell_type": "code",
   "execution_count": 4,
   "metadata": {},
   "outputs": [
    {
     "data": {
      "text/plain": [
       "(1043, 6)"
      ]
     },
     "execution_count": 4,
     "metadata": {},
     "output_type": "execute_result"
    }
   ],
   "source": [
    "np.sort(lending_co).shape"
   ]
  },
  {
   "cell_type": "code",
   "execution_count": 5,
   "metadata": {},
   "outputs": [
    {
     "data": {
      "text/plain": [
       "(1043, 6)"
      ]
     },
     "execution_count": 5,
     "metadata": {},
     "output_type": "execute_result"
    }
   ],
   "source": [
    "lending_co.shape"
   ]
  },
  {
   "cell_type": "code",
   "execution_count": 8,
   "metadata": {},
   "outputs": [
    {
     "data": {
      "text/plain": [
       "array([[ 1000.,    35.,   365., -2870., -2870.,  -350.],\n",
       "       [ 1000.,    35.,   365., -2550., -2100.,   150.],\n",
       "       [ 1000.,    35.,   365., -2450., -2000.,  1100.],\n",
       "       ...,\n",
       "       [ 9000.,   125.,   365., 16751., 18751., 54625.],\n",
       "       [ 9000.,   165.,   365., 17650., 20001., 54625.],\n",
       "       [ 9000.,   165.,   365., 19001., 22001., 64001.]])"
      ]
     },
     "execution_count": 8,
     "metadata": {},
     "output_type": "execute_result"
    }
   ],
   "source": [
    "np.sort(lending_co, axis = 0) # sorts the columns"
   ]
  },
  {
   "cell_type": "code",
   "execution_count": 7,
   "metadata": {},
   "outputs": [],
   "source": [
    "np.set_printoptions(suppress = True)"
   ]
  },
  {
   "cell_type": "code",
   "execution_count": 9,
   "metadata": {},
   "outputs": [
    {
     "data": {
      "text/plain": [
       "array([-2870., -2870., -2550., ..., 54625., 54625., 64001.])"
      ]
     },
     "execution_count": 9,
     "metadata": {},
     "output_type": "execute_result"
    }
   ],
   "source": [
    "np.sort(lending_co, axis = None)"
   ]
  },
  {
   "cell_type": "code",
   "execution_count": 10,
   "metadata": {},
   "outputs": [
    {
     "data": {
      "text/plain": [
       "array([[   40.,   365.,  2000.,  3121.,  4241., 13621.],\n",
       "       [   40.,   365.,  2000.,  3061.,  4171., 15041.],\n",
       "       [   40.,   365.,  1000.,  2160.,  3280., 15340.],\n",
       "       ...,\n",
       "       [   40.,   365.,  2000.,  4201.,  5001., 16600.],\n",
       "       [   40.,   365.,  1000.,  2080.,  3320., 15600.],\n",
       "       [   40.,   365.,  2000.,  4601.,  4601., 16600.]])"
      ]
     },
     "execution_count": 10,
     "metadata": {},
     "output_type": "execute_result"
    }
   ],
   "source": [
    "np.sort(lending_co)"
   ]
  },
  {
   "cell_type": "code",
   "execution_count": 12,
   "metadata": {},
   "outputs": [
    {
     "data": {
      "text/plain": [
       "array([[13621.,  4241.,  3121.,  2000.,   365.,    40.],\n",
       "       [15041.,  4171.,  3061.,  2000.,   365.,    40.],\n",
       "       [15340.,  3280.,  2160.,  1000.,   365.,    40.],\n",
       "       ...,\n",
       "       [16600.,  5001.,  4201.,  2000.,   365.,    40.],\n",
       "       [15600.,  3320.,  2080.,  1000.,   365.,    40.],\n",
       "       [16600.,  4601.,  4601.,  2000.,   365.,    40.]])"
      ]
     },
     "execution_count": 12,
     "metadata": {},
     "output_type": "execute_result"
    }
   ],
   "source": [
    "-np.sort(-lending_co) # reverse sort"
   ]
  },
  {
   "cell_type": "code",
   "execution_count": 13,
   "metadata": {},
   "outputs": [
    {
     "data": {
      "text/plain": [
       "array([[ 2000.,    40.,   365.,  3121.,  4241., 13621.],\n",
       "       [ 2000.,    40.,   365.,  3061.,  4171., 15041.],\n",
       "       [ 1000.,    40.,   365.,  2160.,  3280., 15340.],\n",
       "       ...,\n",
       "       [ 2000.,    40.,   365.,  4201.,  5001., 16600.],\n",
       "       [ 1000.,    40.,   365.,  2080.,  3320., 15600.],\n",
       "       [ 2000.,    40.,   365.,  4601.,  4601., 16600.]])"
      ]
     },
     "execution_count": 13,
     "metadata": {},
     "output_type": "execute_result"
    }
   ],
   "source": [
    "lending_co"
   ]
  },
  {
   "cell_type": "code",
   "execution_count": 14,
   "metadata": {},
   "outputs": [
    {
     "data": {
      "text/plain": [
       "array([-2870., -2550., -2450., ..., 16751., 17650., 19001.])"
      ]
     },
     "execution_count": 14,
     "metadata": {},
     "output_type": "execute_result"
    }
   ],
   "source": [
    "np.sort(lending_co[:,3])"
   ]
  },
  {
   "cell_type": "code",
   "execution_count": 15,
   "metadata": {},
   "outputs": [],
   "source": [
    "lending_co[:,3].sort()"
   ]
  },
  {
   "cell_type": "code",
   "execution_count": 16,
   "metadata": {},
   "outputs": [
    {
     "data": {
      "text/plain": [
       "array([[ 2000.,    40.,   365., -2870.,  4241., 13621.],\n",
       "       [ 2000.,    40.,   365., -2550.,  4171., 15041.],\n",
       "       [ 1000.,    40.,   365., -2450.,  3280., 15340.],\n",
       "       ...,\n",
       "       [ 2000.,    40.,   365., 16751.,  5001., 16600.],\n",
       "       [ 1000.,    40.,   365., 17650.,  3320., 15600.],\n",
       "       [ 2000.,    40.,   365., 19001.,  4601., 16600.]])"
      ]
     },
     "execution_count": 16,
     "metadata": {},
     "output_type": "execute_result"
    }
   ],
   "source": [
    "lending_co"
   ]
  },
  {
   "cell_type": "code",
   "execution_count": 17,
   "metadata": {},
   "outputs": [
    {
     "data": {
      "text/plain": [
       "array([[ 1000.,    35.,   365., -2870., -2870.,  -350.],\n",
       "       [ 1000.,    35.,   365., -2550., -2100.,   150.],\n",
       "       [ 1000.,    35.,   365., -2450., -2000.,  1100.],\n",
       "       ...,\n",
       "       [ 9000.,   125.,   365., 16751., 18751., 54625.],\n",
       "       [ 9000.,   165.,   365., 17650., 20001., 54625.],\n",
       "       [ 9000.,   165.,   365., 19001., 22001., 64001.]])"
      ]
     },
     "execution_count": 17,
     "metadata": {},
     "output_type": "execute_result"
    }
   ],
   "source": [
    "lending_co.sort(axis= 0)\n",
    "lending_co"
   ]
  },
  {
   "cell_type": "code",
   "execution_count": null,
   "metadata": {},
   "outputs": [],
   "source": []
  }
 ],
 "metadata": {
  "kernelspec": {
   "display_name": "Python 3",
   "language": "python",
   "name": "python3"
  },
  "language_info": {
   "codemirror_mode": {
    "name": "ipython",
    "version": 3
   },
   "file_extension": ".py",
   "mimetype": "text/x-python",
   "name": "python",
   "nbconvert_exporter": "python",
   "pygments_lexer": "ipython3",
   "version": "3.8.5"
  }
 },
 "nbformat": 4,
 "nbformat_minor": 4
}
